3,777
4,129
111,304

539
26,025
447
182,129
5,556
2,288
393,000
68,232
52,937
2,461
24,301
46,443
1,503
62,816
104,865
407
4,492
389
422
13,872
31,210
4,980
387,675
10,620
50,792
1,701
194
4,954
5,545
544,975
308
543
235
495
70,681
7,037,710
66,439
125
2,794
1,672
8,647
7,015
23,373
29,794

8,555
116,952
46,850
524
128
21,100
29,670
210,321
6,520
4,815
414
18,383
7,110
708
1,082
56,083
376,993
887
2,255
411
6,238
786,652
8,529
97,817
576
246

12,486
1,214
282
1,558
2,435
8,511
38,573
54,653
2,219
1,802,158
412,497
580,174
113,050
43,406

69,310
447,367
11,947
1,207,686
21,426
229,441
10,242
51
78,514
508,052

79,757
5,695
1,742
7,591
17,030

576
60,384

15,130
10,660
1,349
11,848
1,944
1,155
209,375
972
594
2,560
99
2,083
3,953
476,640
62
4,774

10,942
4,950
51,254
2,332
12,772
4,199
3,047
173,845
3,333
33,685
4,411
920
92,724

50,326
42,086
159,199
209
6,802
3,476
4,353
41,276
68,789
316,059
58,357

67,847
94,766
1,715,665
704
161

128
418,240
5,310
52,027
682
884
31,360

37,557
17,158
198
609
464,957

329,286
11,896
249
396

202
12,024
2,450
1,093
49,105
40,392
59,039
3,102
6,538
283,723
191
1,456
176
47,088
25,013
285,274
55,027
158

3,161
323,657
153,050
522,247
5,656,839
8,331
124,905
121
182,298
128,371

2,054
22,647
1,929
9,076
