6315
3007
121312
N/A
517
26655
462
174718
4492
2296
400194
62313
49075
2585
24221
51037
1573
60293
103593
414
4855
466
422
14488
30099
4430
367147
9281
42805
1668
191
4613
6674
513937
315
513
235
414
66732
7687114
71231
125
2695
1944
8317
6597
21536
31617
N/A
8199
108121
45698
532
128
20334
30102
216137
6300
4815
513
15951
7888
708
847
53568
363356
895
1624
436
5845
734599
7444
94917
576
246
N/A
15203
1228
293
1555
2270
7704
36993
48676
2028
1979425
451782
602055
109038
41642
N/A
67216
400836
8573
1101134
22548
225803
12350
51
75104
509376
N/A
80205
6722
1811
6652
20968
N/A
524
62874
N/A
12838
10143
1467
11342
1822
1060
198348
1027
612
2497
103
2076
3825
446237
62
4547
N/A
14503
3051
48815
2600
11093
3586
3517
169650
2970
32064
4463
1159
70234
N/A
47077
41144
161220
209
7844
3480
4518
47356
68551
298905
57400
N/A
70344
79486
1574386
726
161
N/A
128
432772
4576
46252
737
1415
31896
N/A
33890
15291
198
594
499016
N/A
288230
12658
260
385
N/A
202
14338
2472
1023
43744
41598
65313
2835
6960
271721
183
1485
176
47781
25156
277845
48162
161
N/A
3480
272176
156823
474579
5299563
7891
116508
117
184795
142258
N/A
2164
23997
1984
8914
